4.797115689143538475e-04
-3.343363991007208824e-03
-6.528070196509361267e-03
2.259311266243457794e-03
-5.959169939160346985e-03
-4.538276698440313339e-03
3.103160299360752106e-03
1.826080610044300556e-03
-7.186397851910442114e-05
3.332302439957857132e-03
-1.316436217166483402e-03
-4.972679016645997763e-05
-3.288252511993050575e-03
2.762432442978024483e-03
4.097195924259722233e-04
-4.404122941195964813e-03
-5.126928910613059998e-03
-1.133654732257127762e-03
2.447940350975841284e-04
9.412249200977385044e-04
-4.206553567200899124e-03
1.268676761537790298e-02
5.322282959241420031e-05
-6.044601555913686752e-03
-1.503480016253888607e-03
-3.021934302523732185e-03
1.408425625413656235e-03
2.399461111053824425e-03
-4.593176767230033875e-03
1.028820988722145557e-03
-5.063773132860660553e-04
-5.621195770800113678e-03
-6.117981392890214920e-03
-5.997527856379747391e-03
-5.810047034174203873e-03
-6.677189376205205917e-03
-3.821660298854112625e-03
-4.198062233626842499e-03
-6.428842432796955109e-03
-3.048103069886565208e-03
-5.558178294450044632e-03
-1.030350918881595135e-03
-4.877298139035701752e-03
-6.216363981366157532e-03
-4.099382553249597549e-03
-3.551287576556205750e-03
2.663685241714119911e-03
-5.298538599163293839e-03
-6.702842190861701965e-03
-4.399502184242010117e-03
-4.422882571816444397e-03
2.820396330207586288e-03
9.434116072952747345e-04
-4.124148748815059662e-03
-6.515373941510915756e-03
-4.041702486574649811e-03
-4.986167419701814651e-03
1.681977882981300354e-02
-2.615218283608555794e-03
-6.790710147470235825e-03
-4.225873854011297226e-03
3.085116331931203604e-04
3.157202154397964478e-03
-2.179157454520463943e-03
-4.700505174696445465e-03
-6.543385796248912811e-03
-5.390435922890901566e-03
-5.874219350516796112e-03
-1.205315580591559410e-03
-3.568312851712107658e-03
2.354857977479696274e-03
-6.944502703845500946e-03
3.214359283447265625e-03
1.050142105668783188e-02
-5.313257221132516861e-03
-3.233003430068492889e-03
-1.471064169891178608e-03
3.317296970635652542e-03
-6.813538260757923126e-03
-6.749364547431468964e-03
-3.709955839440226555e-03
-3.062702948227524757e-03
-3.356531262397766113e-03
-3.448462113738059998e-03
-4.004019312560558319e-03
-1.631862600333988667e-03
-4.802400144399143755e-05
5.059929098933935165e-03
-3.108207369223237038e-03
-1.637737004784867167e-04
-4.719178192317485809e-03
2.455095294862985611e-03
-5.311351269483566284e-03
3.209720831364393234e-03
-4.227620549499988556e-03
-5.335686262696981430e-03
-4.035407211631536484e-03
-3.092160681262612343e-03
-2.587904222309589386e-03
-1.380186877213418484e-04
6.315622013062238693e-04
2.442960161715745926e-03
-6.651819217950105667e-03
-5.318111740052700043e-03
-1.585639081895351410e-03
2.428671112284064293e-03
7.167509756982326508e-04
-4.351757932454347610e-03
2.061421750113368034e-03
1.696635968983173370e-03
-4.698594100773334503e-03
2.550890494603663683e-04
-4.925027024000883102e-04
-6.100813392549753189e-03
-4.434513859450817108e-03
-5.878868047147989273e-03
-6.464465986937284470e-03
-1.095022307708859444e-03
-4.707130603492259979e-03
-6.555635016411542892e-03
-5.333821289241313934e-03
3.987447358667850494e-03
-6.475897505879402161e-03
-6.985515821725130081e-03
3.768040041904896498e-04
-5.631102831102907658e-04
-5.262902937829494476e-03
-5.837166681885719299e-03
