-2.560048829764127731e-03
-2.563434420153498650e-03
1.314961612224578857e-01
1.338527798652648926e-01
-2.562984125688672066e-03
-2.566667506471276283e-03
-2.562054898589849472e-03
1.537873148918151855e-01
-2.559291664510965347e-03
-2.565233735367655754e-03
1.279043555259704590e-01
-2.558229025453329086e-03
-2.560298191383481026e-03
-2.562654903158545494e-03
1.297233700752258301e-01
-2.569908509030938148e-03
1.300991773605346680e-01
1.386261582374572754e-01
-2.560796681791543961e-03
-2.562084700912237167e-03
-2.563292393460869789e-03
1.340537518262863159e-01
1.386165916919708252e-01
-2.563268411904573441e-03
-2.563512185588479042e-03
1.271024793386459351e-01
-2.561851870268583298e-03
1.520071178674697876e-01
-2.566761570051312447e-03
1.392520219087600708e-01
1.346678435802459717e-01
1.516256332397460938e-01
1.520685404539108276e-01
1.266838461160659790e-01
1.304369419813156128e-01
-2.563518937677145004e-03
1.410370469093322754e-01
1.468420177698135376e-01
-2.564149443060159683e-03
1.302427053451538086e-01
1.267044246196746826e-01
-2.566301729530096054e-03
-2.568735275417566299e-03
1.264048963785171509e-01
-2.567232586443424225e-03
-2.561044879257678986e-03
1.386817246675491333e-01
-2.562406938523054123e-03
1.282490193843841553e-01
-2.561022061854600906e-03
1.395570635795593262e-01
-2.569389063864946365e-03
1.527313888072967529e-01
1.285125464200973511e-01
1.311231702566146851e-01
1.285104453563690186e-01
1.301041096448898315e-01
-2.565809059888124466e-03
1.272361725568771362e-01
-2.564510330557823181e-03
1.328440159559249878e-01
1.337582767009735107e-01
1.458835899829864502e-01
-2.565013477578759193e-03
